66 1084 6586 5070 8712 7094 2708 6328 5596 7090 7432 3150 8391 663 3971 912 1867 1246 7643 9947 9187 3395 1871 3679 2376 3972 4383 9423 4268 6875 2471 9086 9942 9240 1750 141 2648 5799 3379 4651 7533 4087 5163 8978 6928 4710 3666 6543 1974 7520 1739 802 7542 40 8543 5775 2450 4389 1736 8035 5566 6198 786 9638 9417 2593 9252
36 5113 6580 4637 2092 9447 6082 2755 4748 7418 9310 4943 7687 657 1082 6455 3788 5550 9003 2854 9065 2644 8139 1497 1976 6938 8671 1054 9988 2423 8563 2260 4371 9675 8027 6412 2439
88 9566 1731 7813 1220 5941 4761 7176 19 3985 3542 6462 3017 6821 2789 6295 1071 8661 9023 5405 4087 9604 5942 5935 8183 5166 5757 4791 3277 4 147 930 498 3655 8946 6757 7042 4118 3768 8096 7872 6380 8359 1598 5468 5999 9562 8642 4954 8280 9138 2469 2905 2055 5594 3181 3532 7545 2242 5489 9867 9279 646 3271 6424 7520 8817 7199 1501 8498 3100 809 453 269 1374 2287 7469 9126 1069 6604 4884 475 9120 3306 6042 5616 3263 4214 1829
30 3430 3840 9049 6295 8319 8471 2141 5723 1499 2583 6478 6904 7721 3212 4546 4862 7771 4195 1498 6675 3859 7932 1556 6862 6163 198 2907 1250 8426 3881
3 4749 2860 3067
4 3 3 5 7
50 4994 404 7462 4075 5530 506 8275 1236 3493 1841 8122 1145 7750 9 5185 496 3867 2670 1097 2376 8206 1489 3577 2294 2636 1810 8073 3427 4688 5885 8945 3386 8629 2962 5595 5293 3351 146 8517 1055 2536 5327 6756 6403 5662 8996 6120 7094 8799 3642
15 7404 262 2430 9305 1760 4830 4492 7046 522 5543 8278 1516 9084 4764 4453
3 20 30 40
54 6027 4184 2414 2859 4708 2589 2074 9632 7698 9638 7390 9564 2223 6412 3133 4362 7209 3327 2652 3738 6881 631 7843 4968 4321 2244 3391 2916 7853 2088 4531 3442 1482 8571 3552 1476 2483 4136 6702 1117 3297 4496 7214 4363 8637 741 2232 9858 4536 5940 6954 4947 7358 5231
