38.207 36.593 66.271 41.856 85.932 21.904 -30.983 81.877 -14.695 84.794 44.178 32.359 -68.494 17.132 58.554 -87.629 70.128 14.142 -89.799 16.063
-58.579 -11.299 10.731 11.094 -100.956 39.612 -34.576 -33.872 -90.019 -45.272 33.371 38.584 -15.065 -50.773 -56.695
42.769 30.979 72.636 16.267 -12.673 -55.647 -86.435 82.718 -52.767 -96.856 -74.236 86.301 -45.604 3.206 35.443 16.258 41.984
56.632 -38.676 -50.303 9.517 -63.915 16.773 2.509 -0.960 -11.908 -53.445 -44.206 47.999 -59.812
56.707 7.811 59.968 9.258 -67.243 20.233 -63.857 -63.681 -5.777 -33.169 7.107 -84.420 -15.047 42.259 40.766 -98.292
-4.752 43.233 89.786 12.356 82.081 93.012 40.296 -73.699 0.704 47.705 82.190
-53.440 -77.170 44.743 -93.994 7.641 33.029 26.740 -44.778 23.578 18.036 -21.582 -64.473 27.951 45.589
96.107 33.675 11.825 20.378 -20.905 -7.292 -69.964 40.307 81.023 17.187 28.904 14.182 -61.461 -88.423 -26.818 -6.036 -96.286
1.007 76.551 5.750 37.324 -44.657 29.554 -35.722 -18.656 -86.178 -9.722 -11.899 13.792 -79.111 -50.027 79.908
69.381 64.488 11.865 -29.660 62.862 -70.341 3.872 -90.790 98.990 85.783 -6.309 9.029 100.509 69.360
-47.265 -36.830 -39.427 -88.489 -49.596 20.975 18.930 97.099 70.526 -65.533 -49.079 32.709 19.758 -46.764 3.408 -14.778 16.925 88.734
-14.615 43.626 -47.397 85.193 49.929 2.402 -22.539 52.908 31.893 8.048 3.517 -55.383 -77.053 -67.599 57.835 -7.911
42.523 7.717 37.980 96.696 50.627 -85.871 -71.232 -73.911 57.950 -14.746 69.870 90.762 -65.596 79.236
97.775 60.464 3.858 -52.256 -99.232 -14.361 60.426 44.200 -86.924 -50.390 -90.906 -56.018 -17.299 28.935 -87.140 7.443 -50.353 37.020
91.839 71.991 19.830 27.141 66.257 69.192 -22.169 29.083 -29.993 73.117 29.185 -82.313 25.461 -15.260 55.130 -54.329 61.584 -93.157
55.993 66.172 11.037 -94.454 19.790 -58.226 -70.827 -38.736 -100.086 99.114 57.703 -52.438 13.160 -21.367 61.837 2.261
59.328 37.696 4.840 25.979 -59.642 81.487 -15.447 71.339 -67.429 29.158 20.302 -61.466 19.305 69.514 45.250
-77.890 -16.184 -54.376 24.815 80.503 78.037 -73.324 -23.782 -84.714 -67.381 -1.453 -85.393
-36.185 59.034 42.593 65.014 80.527 -85.475 84.649 28.853 -9.659 -34.384 73.220 -75.285 96.285 -36.838
48.268 -13.039 -0.244 -51.394 -78.921 54.768 97.874 63.222 62.288 -83.645 80.758 -70.823 -30.642 89.778 45.997 -28.731 -48.983 70.480 -1.432 87.025


