28 54 70 24 36 72 40 90 69 78 19 56 43 46 23 24 : 1-1, 11-0, 10-1, 14-2, 6-2, 5-14, 5-10, 10-15, 14-5
22 54 22 33 10 96 86 94 58 11 39 32 85 32 34 79 46 81 2 32 : 11-4, 7-16, 7-5, 18-1, 9-16, 14-17, 10-6, 16-13, 10-15, 7-11, 7-15
23 69 59 43 43 34 34 59 50 15 35 38 29 43 22 : 12-4, 6-5, 2-10
66 2 28 54 63 83 8 43 59 30 32 75 20 76 45 7 85 55 37 : 17-2, 7-7, 13-18, 7-9, 3-8
58 14 22 75 37 99 40 75 69 74 100 83 26 : 1-8, 5-6, 12-11, 8-2, 5-3, 9-1
78 95 23 69 79 39 61 36 17 66 99 72 : 6-8, 2-9, 8-0, 8-3, 3-6, 1-0, 4-6
33 90 63 61 11 9 9 76 17 32 74 62 96 78 37 79 25 11 64 : 13-13, 13-14, 4-1, 13-1
50 42 14 61 54 53 25 45 43 47 58 80 93 : 0-8, 4-8, 0-1, 10-9, 9-12, 5-12
55 71 50 88 27 49 65 61 52 61 74 98 65 69 94 21 43 53 24 51 : 9-7, 3-6, 10-12, 2-1, 7-3, 12-18, 13-4, 9-3
28 74 52 9 5 74 32 77 88 76 92 77 81 83 : 10-6
6 9 55 28 95 3 12 100 5 100 80 11 52 95 15 : 6-8, 7-4, 1-13, 1-11, 0-8, 1-2, 6-13
12 6 9 68 12 89 86 75 64 74 67 59 55 : 4-7, 7-2, 11-3, 0-11, 11-10, 9-12
60 20 78 98 31 10 100 5 39 82 50 92 : 11-3
63 21 18 42 90 12 82 8 46 74 74 76 : 6-1, 11-8, 5-10, 9-2, 4-7
67 87 36 68 49 79 17 12 9 80 49 61 13 54 53 32 79 : 9-7, 11-8, 14-4, 14-2, 9-14, 7-14, 11-2, 1-0, 3-4
11 35 40 13 67 44 51 65 95 30 30 27 63 20 78 26 : 10-6, 0-1, 1-8, 15-11, 2-5, 3-2, 5-5, 10-10
8 79 75 18 47 22 99 13 9 4 70 26 : 7-0, 1-8, 9-0, 8-8
41 65 53 15 70 75 10 66 17 31 88 68 86 61 49 64 : 3-6, 3-2, 14-9, 4-3, 4-2, 0-2
99 63 70 9 11 41 73 21 24 77 3 5 9 3 47 26 81 : 2-14, 8-6, 4-1, 15-16, 5-6, 14-3, 15-0, 4-15, 9-7
53 67 30 26 42 6 19 65 9 99 67 94 26 : 12-5, 8-4, 3-11, 8-2
100 49 26 72 86 6 8 28 76 62 53 83 59 21 : 8-3, 10-7, 5-13, 10-4
88 75 19 51 16 2 72 18 40 23 50 36 16 : 4-2, 3-11
15 90 23 79 54 65 75 5 71 25 98 79 95 19 66 79 29 99 : 8-17, 1-3, 11-11, 15-14, 2-3, 15-6, 8-5, 5-0
71 39 44 55 66 14 3 85 56 69 : 1-3, 7-1, 1-4, 5-2, 7-0
31 80 74 11 86 34 94 100 100 24 29 12 91 : 6-1, 10-9, 2-9, 9-1, 5-9, 8-2
83 58 3 85 78 40 20 70 9 90 : 0-1, 0-6, 1-6, 4-5, 6-9
57 17 42 5 23 49 65 94 4 54 5 20 62 92 42 49 46 : 12-4, 16-13, 0-8, 3-0
48 19 93 100 75 68 28 21 4 97 48 59 2 8 80 : 2-2
19 72 80 59 76 84 66 79 51 59 42 51 : 3-5, 6-11, 10-7
60 12 34 94 79 46 42 24 91 37 21 38 29 42 41 87 59 84 36 95 : 14-2, 11-6, 2-0
79 30 6 37 75 9 1 72 87 7 92 39 : 10-1, 3-9
75 50 71 29 54 20 98 53 95 69 21 92 84 48 6 57 22 : 0-11, 0-11, 16-3
76 49 20 1 61 16 38 23 74 37 99 18 75 33 40 71 22 35 8 37 : 12-5, 13-13, 6-0, 0-13, 18-18, 13-18, 5-19, 19-11, 18-6, 5-16
7 47 42 10 58 93 17 19 39 26 : 5-4, 9-3, 4-8, 4-9
68 76 50 30 87 68 32 39 31 45 : 5-4, 4-1, 8-0, 7-6
55 10 80 30 92 72 25 21 67 59 89 91 : 1-10, 2-5, 2-4, 11-6, 1-1, 10-5
41 4 35 31 20 95 42 70 78 68 82 : 4-10, 10-6
59 96 96 13 97 26 39 80 79 32 50 24 20 51 66 77 95 17 30 : 2-14, 2-10, 8-0, 0-5, 1-1, 8-11
51 38 51 12 6 15 75 99 80 48 6 96 3 53 19 77 44 62 4 25 : 10-2, 17-17
12 12 62 24 88 87 19 91 37 21 99 40 53 48 : 4-2, 11-11, 11-6, 12-10, 11-9, 12-13, 2-8
1 2 91 34 61 92 79 9 6 16 14 82 19 69 8 15 92 64 : 13-2, 13-17, 11-4, 9-4, 8-0, 12-8, 3-12
20 15 11 27 66 21 54 7 55 75 7 85 57 8 34 55 66 18 : 5-6, 17-3, 2-4, 3-7, 14-11, 4-2, 16-0, 13-14, 8-15, 2-8
7 29 48 67 58 43 54 93 88 19 81 96 33 62 69 90 94 80 22 69 : 15-19, 2-3, 4-11, 16-13, 14-13
19 22 48 85 66 87 75 91 69 97 16 3 28 78 12 20 : 8-13, 5-5
41 92 58 37 24 74 57 73 45 85 76 : 0-5
43 94 63 97 96 11 8 19 33 58 : 1-4, 1-5
16 92 35 81 5 60 64 81 90 5 76 64 87 17 33 98 37 67 : 5-8, 14-11, 0-14, 0-9, 12-8, 1-14, 16-15
59 34 92 11 61 7 16 98 60 35 75 79 : 8-5, 10-10, 8-9, 6-1, 11-8
9 62 89 41 56 90 28 16 28 65 56 79 64 : 4-4, 9-5, 10-2, 4-12, 8-1, 10-7
53 92 23 27 75 93 78 69 84 13 42 19 63 85 45 68 : 10-13
97 56 95 43 60 7 11 71 8 91 59 52 62 : 9-6, 0-10, 10-4, 9-9
53 33 85 55 62 29 50 64 45 72 68 70 82 55 : 2-12, 9-9
29 23 89 40 70 40 78 74 66 50 31 52 56 78 45 10 49 55 5 : 10-5, 8-8, 3-8, 18-0, 5-6, 11-10
26 66 90 68 81 74 70 57 73 11 93 37 82 61 68 70 2 59 16 89 : 17-10, 0-15, 5-9, 10-19, 6-2, 15-4, 12-15, 15-13, 11-6
97 91 90 5 47 57 34 83 9 73 : 5-7, 2-1, 1-5, 0-8, 6-7, 6-8
4 45 63 43 1 54 6 31 70 63 78 76 : 5-1, 7-7, 10-11, 1-1, 8-5
7 70 72 7 16 29 69 45 43 95 64 41 69 44 : 0-4, 4-13, 11-10, 5-13, 13-2
54 36 63 86 81 43 65 41 13 68 : 1-0, 5-5, 1-7, 9-4
34 42 100 19 73 58 18 56 55 61 60 4 32 6 : 5-11, 4-8, 6-10, 5-9, 3-4, 7-7, 7-9
20 92 10 82 92 28 97 9 46 17 15 71 33 29 14 57 75 : 14-5, 12-11, 1-4, 7-4, 4-12, 6-2
76 90 30 36 69 31 33 71 45 42 : 8-2
78 74 1 69 61 59 34 39 44 63 10 38 69 82 10 : 0-12, 5-10, 1-8
46 14 38 43 45 88 56 2 23 73 62 68 81 15 7 3 56 98 : 16-2, 9-1, 6-0
59 74 39 5 6 52 20 62 59 99 12 50 56 54 20 : 14-9, 4-0
67 40 71 64 70 33 7 24 21 82 35 42 22 62 : 10-4, 2-13, 7-8, 3-4, 0-4, 6-13
86 75 86 94 44 58 54 31 3 4 49 30 74 93 94 47 65 45 36 : 2-5, 18-3, 13-2, 15-2, 9-15
37 34 81 70 35 10 52 51 67 29 27 69 24 11 30 65 29 55 96 66 : 11-12, 8-15
35 70 15 25 42 12 27 13 50 91 92 28 26 41 20 5 : 0-6, 9-8, 15-8, 11-13
27 69 5 26 100 86 44 39 81 30 14 86 88 55 65 : 8-2
61 60 99 53 5 48 96 35 44 25 22 32 18 70 42 35 92 67 : 6-2, 9-15, 17-16, 8-2
16 84 47 18 24 45 78 21 17 28 : 7-2, 7-7, 8-9, 0-2
8 34 32 14 8 17 13 3 24 75 19 15 8 72 93 : 2-13, 13-0, 12-1, 11-11, 11-5, 14-8, 11-6, 0-4
96 37 28 50 54 17 15 39 32 98 75 62 43 11 20 47 46 74 14 : 2-18, 9-6, 17-2, 10-6
90 16 86 52 15 77 49 86 1 80 30 3 78 29 61 7 80 : 14-14
93 12 17 7 26 53 54 9 54 89 12 73 54 19 28 32 57 30 : 13-3, 0-10, 7-1
48 62 79 81 5 70 47 3 3 86 40 23 24 51 83 6 : 7-9, 12-7, 4-1, 0-4, 13-0, 13-10
51 23 93 13 31 72 29 98 23 17 40 83 41 67 67 36 40 : 10-8, 3-14, 3-0, 8-4, 11-9, 16-15, 13-15
28 68 7 92 76 24 41 35 41 100 : 1-0, 1-9, 4-2, 1-6, 7-1
75 47 79 5 85 65 29 78 52 61 24 38 16 75 53 90 4 20 30 : 2-10, 15-11
99 27 59 85 48 6 47 55 76 53 71 73 49 : 5-12, 8-1, 2-12
41 11 85 44 30 11 100 83 24 90 48 56 44 73 96 90 27 : 8-1, 0-4, 3-7, 7-5, 9-14
13 14 50 91 14 74 59 5 58 41 54 31 13 12 64 67 45 4 72 : 2-7, 7-0, 8-17, 1-16, 2-18, 13-5, 9-12, 12-3
27 68 80 31 97 62 82 11 83 74 44 37 81 79 27 77 : 7-12, 12-10, 8-1, 7-1, 1-12
12 4 52 25 75 93 91 11 13 54 : 2-1
16 87 99 71 31 20 38 38 99 9 39 90 32 54 42 31 40 60 68 37 : 12-14
71 61 53 39 71 96 42 44 18 3 53 90 62 19 68 42 93 : 14-3, 9-4, 12-8, 7-0, 0-0, 1-0, 5-15, 4-7, 3-14
26 16 21 32 7 69 47 36 73 32 92 98 54 4 79 28 89 84 16 98 : 3-19, 8-3, 4-6, 16-5, 9-14, 13-14, 4-16, 13-14, 13-14, 6-18, 6-10
93 23 42 75 45 29 55 17 67 66 22 47 77 38 14 69 35 3 41 : 0-11, 0-14, 6-16, 0-12, 17-4
7 27 31 86 64 63 38 95 64 42 85 78 89 54 94 42 6 57 : 4-10, 5-0, 13-8, 1-4, 15-5, 7-17, 1-14
34 63 73 84 44 49 54 55 43 11 91 61 99 45 11 65 49 : 14-11, 6-7, 13-16, 14-11, 13-15, 16-4, 10-15
97 28 59 18 81 75 34 83 35 19 54 : 3-2, 9-2, 7-8
54 88 49 43 57 44 48 12 1 88 73 11 22 84 83 45 : 4-12, 14-10, 7-11
53 46 75 16 63 81 52 31 53 36 48 90 91 1 100 29 82 76 22 52 : 10-15, 10-0, 9-1, 12-19, 0-13, 19-14
73 7 96 90 96 20 8 97 83 21 71 43 : 2-2, 9-8, 6-9, 4-3
28 49 17 14 84 17 39 26 75 91 66 18 47 26 44 76 66 97 36 : 8-3, 7-14, 0-1, 9-13, 0-4, 8-17, 3-17, 4-10, 17-1, 1-10
62 93 84 97 86 34 38 46 24 38 41 26 : 1-6, 8-1, 11-7, 8-7, 1-11, 3-2, 11-8
88 80 88 49 29 22 90 19 99 2 14 10 31 28 89 71 93 80 63 : 11-14, 13-6, 13-17, 8-15, 18-9, 4-0, 4-1
60 22 93 65 70 15 80 44 57 28 12 37 72 98 29 74 43 94 19 16 : 7-4, 19-14, 7-5, 9-13, 12-7, 6-11, 13-4, 15-15, 19-5, 19-17
30 59 20 88 70 63 64 51 3 81 57 75 : 5-0, 9-0, 2-6
79 23 60 4 69 99 37 99 28 84 60 26 53 30 35 12 83 : 10-7, 6-4, 1-11, 7-13, 2-2

